%YAML:1.0
---
range_limit: 1.
outlier_index: !!opencv-matrix
   rows: 1
   cols: 34
   dt: i
   data: [ 5, 6, 7, 14, 15, 16, 17, 18, 57, 58, 59, 60, 61, 62, 63, 64, 65, 66,
       67, 307, 308, 309, 310, 311, 312, 313, 314, 315, 316, 350, 351, 352, 353,
       354, 355 ]
outlier_value: !!opencv-matrix
   rows: 1
   cols: 27
   dt: d
   data: [ 2.8900000452995300e-01, 2.8200000524520874e-01,
       3.5600000619888306e-01, 3.4499999880790710e-01,
       3.5299998521804810e-01, 3.4799998998641968e-01,
       2.0800000429153442e-01, 1.9599999487400055e-01,
       1.9499999284744263e-01, 2.0000000298023224e-01,
       1.9799999892711639e-01, 2.0700000226497650e-01,
       1.9799999892711639e-01, 2.0000000298023224e-01,
       2.3999999463558197e-01, 2.2800000011920929e-01,
       2.0499999821186066e-01, 1.9200000166893005e-01,
       1.8700000643730164e-01, 1.9099999964237213e-01,
       1.8899999558925629e-01, 1.8700000643730164e-01,
       2.0000000298023224e-01, 3.4700000286102295e-01,
       3.4999999403953552e-01, 3.4799998998641968e-01,
       3.4799998998641968e-01 ]
