%YAML:1.0
---
range_limit: 1.
outlier_index: !!opencv-matrix
   rows: 1
   cols: 31
   dt: i
   data: [ 6, 7, 15, 16, 17, 18, 58, 59, 60, 61, 62, 63, 64, 65, 66, 67,
       191, 307, 308, 310, 311, 312, 313, 314, 315, 316, 350, 351, 352,
       353, 355 ]
outlier_value: !!opencv-matrix
   rows: 1
   cols: 31
   dt: d
   data: [ 2.8900000452995300e-01, 2.8099998831748962e-01,
       3.5600000619888306e-01, 3.4499999880790710e-01,
       3.5299998521804810e-01, 3.4799998998641968e-01,
       2.0900000631809235e-01, 1.9699999690055847e-01,
       1.9499999284744263e-01, 2.0000000298023224e-01,
       1.9799999892711639e-01, 2.0700000226497650e-01,
       1.9799999892711639e-01, 1.9900000095367432e-01,
       2.3999999463558197e-01, 2.2699999809265137e-01,
       1.3600000739097595e-01, 2.1999999880790710e-01,
       2.1500000357627869e-01, 1.9300000369548798e-01,
       1.9799999892711639e-01, 1.8500000238418579e-01,
       1.9099999964237213e-01, 1.8899999558925629e-01,
       1.8799999356269836e-01, 1.9900000095367432e-01,
       3.4700000286102295e-01, 3.4999999403953552e-01,
       3.4799998998641968e-01, 3.4799998998641968e-01,
       3.7200000882148743e-01 ]
